[gd_scene load_steps=7 format=2]

[ext_resource path="res://BaseLevel.tscn" type="PackedScene" id=1]
[ext_resource path="res://Stump.tscn" type="PackedScene" id=2]
[ext_resource path="res://Corn.tscn" type="PackedScene" id=3]
[ext_resource path="res://Grain.tscn" type="PackedScene" id=4]
[ext_resource path="res://Chicken.tscn" type="PackedScene" id=5]

[sub_resource type="Curve3D" id=1]
_data = {
"points": PoolVector3Array( 3.22322, 0.472247, -28.9096, -3.22322, -0.472247, 28.9096, -63.8448, -0.00358265, -43.1412, -43.8929, -6.10352e-05, -10.3957, 43.8929, 6.10352e-05, 10.3957, -41.5583, -16.8122, 35.6314, -53.0776, -12.9284, -18.9645, 53.0776, 12.9284, 18.9645, -77.7972, 0, 122.346, -7.4677, -1.52588e-05, 23.0856, 7.4677, 1.52588e-05, -23.0856, -1.59741, -3.64426, 86.6793, -0.0303802, 0, 37.1995, 0.0303802, 0, -37.1995, 67.5291, 0, 46.791, 8.47049, 0, 39.6573, -8.47049, 0, -39.6573, 188.851, 19.888, -47.6464, 16.5561, 0, -1.5401, -16.5561, 0, 1.5401, 69.6895, -0.00146484, -12.5133, 1.01155, -0.0038147, 20.5817, -1.01155, 0.0038147, -20.5817, 15.2782, 2.27209, -43.3446, -31.1866, 1.52588e-05, 10.3956, 31.1866, -1.52588e-05, -10.3956, 62.7583, 0.00143433, -76.4265, -28.1066, 0, 21.1762, 28.1066, 0, -21.1762, 109.214, -10.0274, -51.4005, 38.2834, -4.57764e-05, -9.80446, -38.2834, 4.57764e-05, 9.80446, 34.2174, 3.80913, -124.118, 24.6229, 0, -66.1292, -24.6229, 0, 66.1292, -63.7387, 0, -43.2513 ),
"tilts": PoolRealArray( 0, 0, 0, 0, 0, 0, 0, 0, 0, 0, 0, 0 )
}

[node name="Root" instance=ExtResource( 1 )]

[node name="Path" parent="." index="0"]
curve = SubResource( 1 )

[node name="PathFollow" parent="Path" index="0"]
transform = Transform( 0.993722, -0.00195108, -0.111863, -1.16415e-10, 0.999848, -0.017439, 0.11188, 0.0173295, 0.993571, -63.8467, 0.996265, -43.1239 )

[node name="Lap1Grain" parent="." index="3" groups=["lap1"] instance=ExtResource( 4 )]
transform = Transform( 1, 0, 0, 0, 0.999999, 0, 0, 0, 1, 77.9035, 0, -114.902 )

[node name="Lap3Grain3" parent="." index="4" groups=["lap3"] instance=ExtResource( 4 )]
transform = Transform( 1, 0, 0, 0, 0.999993, 0, 0, 0, 1, 96.9701, 3.57813, -27.7898 )

[node name="Lap3Grain7" parent="." index="5" groups=["lap3"] instance=ExtResource( 4 )]
transform = Transform( 1, 0, 0, 0, 0.99999, 0, 0, 0, 1, -11.9221, 0.506165, 112.786 )

[node name="Lap3Grain" parent="." index="6" groups=["lap3"] instance=ExtResource( 4 )]
transform = Transform( 1, 0, 0, 0, 0.999991, 0, 0, 0, 1, -33.8164, 1.13299, -93.9448 )

[node name="Lap1Grain3" parent="." index="7" groups=["lap1"] instance=ExtResource( 4 )]
transform = Transform( 1, 0, 0, 0, 0.999993, 0, 0, 0, 1, 10.5815, -3.23496, 75.25 )

[node name="Lap1Grain2" parent="." index="8" groups=["lap1"] instance=ExtResource( 4 )]
transform = Transform( 1, 0, 0, 0, 0.999994, 0, 0, 0, 1, -89.8399, -5.59284, 110.121 )

[node name="Lap2Grain" parent="." index="9" groups=["lap2"] instance=ExtResource( 4 )]
transform = Transform( 1, 0, 0, 0, 0.999995, 0, 0, 0, 1, 183.342, 19.2453, -56.6685 )

[node name="Lap1Grain4" parent="." index="10" groups=["lap1"] instance=ExtResource( 4 )]
transform = Transform( 1, 0, 0, 0, 0.999997, 0, 0, 0, 1, 71.3174, 0, 38.3292 )

[node name="Lap2Grain4" parent="." index="11" groups=["lap2"] instance=ExtResource( 4 )]
transform = Transform( 1, 0, 0, 0, 0.999997, 0, 0, 0, 1, 102.391, -4.27836, -93.7252 )

[node name="Lap2Grain3" parent="." index="12" groups=["lap2"] instance=ExtResource( 4 )]
transform = Transform( 1, 0, 0, 0, 0.999998, 0, 0, 0, 1, -64.6933, -1.69291, -25.9312 )

[node name="Lap1Corn5" parent="." index="13" groups=["lap1"] instance=ExtResource( 3 )]
transform = Transform( 1, 0, 0, 0, 0.999998, 0, 0, 0, 1, 192.008, 20.6907, -48.2795 )

[node name="Lap3Corn" parent="." index="14" groups=["lap3"] instance=ExtResource( 3 )]
transform = Transform( 1, 0, 0, 0, 0.999998, 0, 0, 0, 1, 98.5818, -9.11486, -48.6813 )

[node name="Lap1Corn" parent="." index="15" groups=["lap1"] instance=ExtResource( 3 )]
transform = Transform( 1, 0, 0, 0, 0.999998, 0, 0, 0, 1, 30.4667, 3.61998, -121.28 )

[node name="Lap3Corn2" parent="." index="16" groups=["lap3"] instance=ExtResource( 3 )]
transform = Transform( 1, 0, 0, 0, 0.999998, 0, 0, 0, 1, -38.5426, 4.12857, 124.337 )

[node name="Lap1Corn2" parent="." index="17" groups=["lap1"] instance=ExtResource( 3 )]
transform = Transform( 0.649554, 0, -0.760315, 0, 0.999998, 0, 0.760315, 0, 0.649554, -71.151, -11.4665, 84.691 )

[node name="Lap3Corn9" parent="." index="18" groups=["lap3"] instance=ExtResource( 3 )]
transform = Transform( 0.779983, 0, -0.625801, 0, 0.999998, 0, 0.625801, 0, 0.779983, 61.5534, 0, 59.6622 )

[node name="Lap3Corn10" parent="." index="19" groups=["lap3"] instance=ExtResource( 3 )]
transform = Transform( 0.733089, 0, -0.680133, 0, 0.999998, 0, 0.680133, 0, 0.733089, -45.6479, 0, -75.0567 )

[node name="Lap3Corn3" parent="." index="20" groups=["lap3"] instance=ExtResource( 3 )]
transform = Transform( 0.579352, 0, -0.815077, 0, 0.999997, 0, 0.815077, 0, 0.579352, 23.6579, 1.35923, -58.6866 )

[node name="Lap2Corn" parent="." index="21" groups=["lap2"] instance=ExtResource( 3 )]
transform = Transform( 0.467976, 0, -0.883741, 0, 0.999997, 0, 0.883741, 0, 0.467976, 174.206, 16.9743, -23.8964 )

[node name="Lap1Corn4" parent="." index="22" groups=["lap1"] instance=ExtResource( 3 )]
transform = Transform( 0.249231, 0, -0.968444, 0, 0.999998, 0, 0.968444, 0, 0.249231, 120.104, 8.22374, 3.76251 )

[node name="Lap2Corn2" parent="." index="23" groups=["lap2"] instance=ExtResource( 3 )]
transform = Transform( 1, 0, 0, 0, 0.999998, 0, 0, 0, 1, -68.6922, -8.67074, 3.74329 )

[node name="Lap2Corn8" parent="." index="24" groups=["lap2"] instance=ExtResource( 3 )]
transform = Transform( 0.477711, 0, 0.878517, 0, 0.999999, 0, -0.878517, 0, 0.477711, 43.0418, 0, -19.1646 )

[node name="Lap2Chicken" parent="." index="25" groups=["lap2"] instance=ExtResource( 5 )]
transform = Transform( 0.493699, 0, 0.869633, 0, 0.999999, 0, -0.869633, 0, 0.493699, -75.4017, 0, 120.643 )

[node name="Lap2Chicken2" parent="." index="26" groups=["lap2"] instance=ExtResource( 5 )]
transform = Transform( 0.410305, 0, -0.911948, 0, 0.999998, 0, 0.911948, 0, 0.410305, 84.9241, 2.69124, 23.3004 )

[node name="Lap1Chicken3" parent="." index="27" groups=["lap1"] instance=ExtResource( 5 )]
transform = Transform( 0.192727, 0, -0.981252, 0, 0.999998, 0, 0.981252, 0, 0.192727, -20.1768, 1.4552, -106.931 )

[node name="Lap1Stump2" parent="." index="28" groups=["lap1"] instance=ExtResource( 2 )]
transform = Transform( 1, 0, 0, 0, 0.999998, 0, 0, 0, 1, -71.9068, -6.09933, -6.32139 )

[node name="Lap2Stump3" parent="." index="29" groups=["lap2"] instance=ExtResource( 2 )]
transform = Transform( 0.185907, 0, -0.982567, 0, 0.999999, 0, 0.982567, 0, 0.185907, 111.86, 5.86291, -32.8453 )

[node name="Lap3Chicken" parent="." index="30" groups=["lap3"] instance=ExtResource( 5 )]
transform = Transform( -0.140175, 0, -0.990127, 0, 0.999998, 0, 0.990127, 0, -0.140175, 71.4601, -0.2103, -81.2592 )

[node name="Lap1Chicken" parent="." index="31" groups=["lap1"] instance=ExtResource( 5 )]
transform = Transform( 0.520533, 0, 0.853842, 0, 0.999999, 0, -0.853842, 0, 0.520533, -35.9346, -16.059, 34.9441 )
